Generation: 0; Duration: 7; MaxIterations: 20; Population: 12; Fitness: 0.3288011263594698; Solution So Far: Solution: [-0.7468178567274008, 0.6453433180244602, 0.12955132741979997, -0.25621375462306095, 0.09118401652817335, 0.4197386216384191, -0.7320311491887742, 0.2570199574416636];

Generation: 1; Duration: 7; MaxIterations: 20; Population: 12; Fitness: -0.6595223328590653; Solution So Far: Solution: [-0.7531282319674772, -0.2788400973554017, -0.1393815764438756, -0.4026849031815587, 0.6087314921197653, 0.41155519076823366, -0.33467496905191085, 0.41620488769418174];

